4294967278,245
4294967279,80
4294967279,78
4294967279,72
4294967279,69
4294967279,64
4294967279,62
4294967279,57
4294967279,55
4294967279,54
4294967279,48
4294967279,46
4294967279,226
4294967279,222
4294967279,218
152,7
4294967279,216
4294967278,215
4294967279,338
4294967278,213
4294967278,325
4294967278,212
4294967278,399
4294967279,211
4294967279,209
152,6
152,5
152,4
152,3
152,2
152,1
4294967278,349
4294967279,203
4294967279,202
4294967279,201
4294967279,337
4294967279,200
4294967279,198
4294967279,197
4294967279,194
4294967279,193
4294967278,317
4294967279,77
4294967278,398
4294967279,188
4294967279,336
4294967279,187
4294967279,335
4294967279,186
4294967278,315
4294967279,71
4294967279,305
149,6
149,5
149,4
149,3
149,2
149,1
4294967278,181
4294967279,558
4294967294,162
4294967278,178
4294967279,301
4294967278,177
4294967278,344
4294967279,170
4294967278,171
4294967279,171
4294967278,170
4294967279,169
4294967278,168
4294967278,166
4294967294,1418
4294967279,575
4294967278,346
4294967278,364
4294967279,162
4294967294,489
4294967278,161
4294967278,300
4294967279,159
4294967279,158
146,5
146,4
146,3
146,2
146,1
4294967294,1420
4294967279,150
4294967278,294
144,6
4294967279,573
144,5
144,4
144,3
144,2
144,1
4294967294,488
4294967294,384
4294967294,1005
4294967294,406
4294967294,109
4294967294,111
4294967294,386
4294967294,118
4294967294,402
4294967294,189
4294967278,143
4294967278,140
4294967279,141
4294967279,287
4294967279,140
143,5
143,4
143,3
143,2
143,1
4294967279,286
4294967278,277
4294967279,136
4294967278,136
4294967279,270
4294967279,277
142,5
142,4
142,3
142,2
142,1
4294967279,278
4294967279,523
4294967279,334
4294967279,571
141,5
4294967279,275
141,4
141,3
141,2
141,1
4294967278,382
4294967278,261
4294967279,274
4294967279,333
4294967278,258
4294967278,257
4294967279,519
139,4
4294967278,318
139,3
139,2
139,1
4294967279,563
4294967279,332
4294967279,538
4294967279,251
4294967278,380
4294967279,512
4294967294,1007
4294967278,252
4294967278,397
4294967278,249
4294967279,319
4294967278,247
4294967279,246
4294967278,132
4294967278,131
4294967278,130
4294967278,129
4294967278,128
4294967278,127
4294967278,119
4294967278,118
4294967278,117
4294967278,116
4294967278,110
4294967278,108
4294967278,105
4294967278,97
4294967278,95
4294967278,91
4294967278,90
4294967278,89
4294967278,84
4294967278,82
4294967278,81
4294967278,79
4294967278,76
4294967278,75
4294967278,74
4294967278,72
4294967278,71
4294967278,68
4294967278,67
4294967278,66
4294967278,65
4294967278,63
4294967278,62
4294967278,61
4294967278,60
4294967278,58
4294967278,56
4294967278,54
4294967278,53
4294967278,52
4294967278,51
4294967278,48
4294967278,45
4294967278,44
4294967278,43
4294967278,42
4294967278,40
4294967278,39
4294967278,38
4294967278,37
4294967278,36
4294967278,35
4294967278,34
4294967278,33
4294967278,32
4294967278,31
4294967278,30
4294967278,29
4294967278,28
4294967278,27
4294967278,26
4294967278,25
4294967278,24
4294967278,334
4294967278,23
4294967278,22
4294967278,21
4294967278,20
4294967278,19
4294967278,18
4294967278,17
4294967278,16
4294967278,15
4294967278,14
4294967278,13
4294967278,12
4294967278,11
4294967278,10
4294967278,9
4294967278,8
4294967278,7
4294967278,6
4294967278,5
4294967279,132
4294967279,131
4294967279,130
4294967279,129
4294967279,128
4294967279,124
4294967279,123
4294967279,122
4294967279,121
4294967279,120
4294967279,119
4294967279,118
4294967279,116
4294967279,113
4294967279,112
4294967279,109
4294967279,107
4294967279,106
4294967279,104
4294967279,103
4294967279,174
4294967279,98
4294967279,96
4294967279,95
4294967279,94
4294967279,93
4294967279,91
4294967279,90
4294967279,89
4294967279,87
4294967279,83
4294967279,81
4294967279,20
4294967279,19
4294967279,18
4294967279,16
4294967279,13
4294967279,12
4294967279,11
4294967279,10
4294967279,9
4294967279,117
4294967279,115
4294967278,326
4294967279,114
4294967279,238
4294967278,373
138,7
4294967278,233
4294967279,102
4294967279,111
4294967279,232
4294967279,110
4294967278,396
4294967278,226
4294967279,108
4294967279,225
4294967278,221
4294967279,105
138,6
138,5
138,4
138,3
138,2
138,1
4294967279,214
4294967279,101
4294967279,92
4294967278,324
4294967279,100
4294967279,331
4294967279,99
4294967278,351
4294967279,97
4294967279,315
4294967279,207
4294967279,86
4294967279,539
4294967278,320
4294967279,85
4294967279,311
4294967279,330
4294967279,84
4294967279,196
4294967278,195
4294967279,82
4294967279,537
135,6
135,5
135,4
4294967278,190
135,2
135,1
4294967278,322
4294967278,378
4294967294,175
4294967294,391
4294967294,416
4294967294,465
4294967279,306
4294967278,309
4294967279,568
4294967279,329
4294967278,307
4294967294,487
4294967279,298
4294967278,304
132,5
132,4
132,3
132,2
132,1
130,6
4294967278,339
4294967279,155
130,5
130,4
130,3
130,2
130,1
4294967294,486
4294967279,151
4294967278,151
4294967279,148
4294967279,527
129,5
129,4
129,3
129,2
129,1
4294967279,525
128,5
128,4
128,3
128,2
128,1
4294967279,310
4294967279,22
4294967279,271
127,5
4294967279,17
127,4
127,3
127,2
127,1
4294967278,274
4294967279,282
4294967278,273
4294967279,14
4294967294,485
4294967279,15
4294967294,421
4294967294,161
4294967279,263
4294967279,262
4294967278,281
4294967278,383
4294967278,374
4294967278,264
125,4
125,3
125,2
125,1
4294967279,521
4294967279,255
4294967279,273
4294967279,570
4294967279,290
4294967278,217
4294967294,396
4294967294,395
4294967294,453
4294967294,449
4294967294,464
4294967294,467
4294967294,110
4294967278,330
4294967294,1419
4294967279,569
4294967279,516
4294967278,126
4294967278,125
4294967278,123
4294967278,114
4294967278,111
4294967278,103
4294967278,102
4294967278,101
4294967278,100
4294967278,98
4294967278,96
4294967278,87
4294967278,86
4294967278,85
4294967278,83
4294967278,73
4294967278,69
4294967278,64
4294967278,59
4294967278,4
4294967279,127
4294967279,126
4294967279,125
4294967279,281
4294967279,5
4294967278,328
4294967294,390
4294967279,328
4294967278,251
4294967278,248
124,7
4294967278,109
4294967279,244
4294967278,395
4294967278,238
4294967278,237
4294967279,317
4294967278,235
4294967278,228
124,6
124,5
4294967279,231
